average: 2.858761218184493
median: 2.0
mode: 1.0
std: 4.1006250625966105
chebyshev: (-3.6248962959034188, 9.342418732272405)
