average: 3.5142541842928083
median: 2.0
mode: 1.0
std: 9.661744160390603
chebyshev: (-11.762304674039942, 18.790813042625558)
