average: 5.503379049890678
median: 2.0
mode: 1.0
std: 24.175169448022874
chebyshev: (-32.72092008824326, 43.72767818802461)
