average: 2.981611361942752
median: 2.0
mode: 1.0
std: 7.75038170127269
chebyshev: (-9.272818093913461, 15.236040817798965)
