average: 3.0153331965170485
median: 1.0
mode: 1.0
std: 6.949213244052478
chebyshev: (-7.972337702189645, 14.00300409522374)
